
Descriptive statistics
====================================================
Statistic   N     Mean     St. Dev.   Min     Max   
----------------------------------------------------
Rating    2,788    4.3        0.4     1.2     5.0   
Reviews   2,788 32,738.1   66,476.8    11   896,118 
Size      2,788   22.9       21.9     0.01   100.0  
Installs  2,788 710,872.8 1,312,964.0 500  5,000,000
Price     2,788    2.7       27.8     0.0    400.0  
Mean      2,788    0.1        0.1     0.02    0.8   
----------------------------------------------------
